6.720006176117898633e-03 2.061211279432827226e+00 1.000000000000000000e+00
8.394666212340529121e-02 2.174869092864057052e+00 1.000000000000000000e+00
1.078160115445585543e-01 2.370967296027197246e+00 1.000000000000000000e+00
1.299631510006056256e-01 2.358843489373499747e+00 1.000000000000000000e+00
1.761110819616056311e-01 2.637329571541740858e+00 1.000000000000000000e+00
2.531817538786589328e-01 2.856577695416349538e+00 1.000000000000000000e+00
2.604378988898676806e-01 2.669550318908004538e+00 1.000000000000000000e+00
2.799021608913854209e-01 2.752981382172983160e+00 1.000000000000000000e+00
2.983030630029368524e-01 2.888970925117245514e+00 1.000000000000000000e+00
3.028589490719146848e-01 2.915491215532770131e+00 1.000000000000000000e+00
3.068596875050249029e-01 2.690913921835695444e+00 1.000000000000000000e+00
3.360269783948619526e-01 2.702421240218768617e+00 1.000000000000000000e+00
3.926887501291842497e-01 3.183148691210914372e+00 1.000000000000000000e+00
3.993311883068040302e-01 2.903930404088735706e+00 1.000000000000000000e+00
4.471579229505064923e-01 3.093303609817288802e+00 1.000000000000000000e+00
4.589091158767777401e-01 2.994783574309458629e+00 1.000000000000000000e+00
4.622333897983776918e-01 3.045810252333589929e+00 1.000000000000000000e+00
5.223674569081855346e-01 3.122296196472384544e+00 1.000000000000000000e+00
5.457610360287126205e-01 2.906967320193968973e+00 1.000000000000000000e+00
5.536898782668566721e-01 2.855434615527083775e+00 1.000000000000000000e+00
5.619328587900602745e-01 2.727477200257202306e+00 1.000000000000000000e+00
6.465619835901692536e-01 2.931983825445213743e+00 1.000000000000000000e+00
6.653806334663678879e-01 3.090268161799600399e+00 1.000000000000000000e+00
7.531044086775553481e-01 2.855913658459441784e+00 1.000000000000000000e+00
7.945826236797064457e-01 2.714412130274815649e+00 1.000000000000000000e+00
8.015665595413838940e-01 2.795128064351047659e+00 1.000000000000000000e+00
8.202194091015684307e-01 2.547821639704450192e+00 1.000000000000000000e+00
8.310249736820851663e-01 2.597311370125091834e+00 1.000000000000000000e+00
8.369039893378058537e-01 2.351779949344558585e+00 1.000000000000000000e+00
8.801940643679353471e-01 2.440717537559812911e+00 1.000000000000000000e+00
9.076084691800918591e-01 2.601835575480308194e+00 1.000000000000000000e+00
9.200337074314739461e-01 2.591419546171507715e+00 1.000000000000000000e+00
9.273567820867971712e-01 2.755009107055828910e+00 1.000000000000000000e+00
9.623590619372652810e-01 2.465390283062626864e+00 1.000000000000000000e+00
9.888047411626388339e-01 2.577436196211473796e+00 1.000000000000000000e+00
9.913430560174700812e-01 2.319628234028204616e+00 1.000000000000000000e+00
1.013002704186077185e+00 2.023922212737636617e+00 1.000000000000000000e+00
1.026394552500276225e+00 2.179511173554843584e+00 1.000000000000000000e+00
1.065168956175979620e+00 2.112140632240123495e+00 1.000000000000000000e+00
1.112064776158879109e+00 1.840391895793804355e+00 1.000000000000000000e+00
1.169993814576018698e+00 1.571485264226111012e+00 1.000000000000000000e+00
1.179040774218996557e+00 1.795070370128476256e+00 1.000000000000000000e+00
1.181224103205278597e+00 1.535558852949777453e+00 1.000000000000000000e+00
1.190821270477630422e+00 1.890522921023211511e+00 1.000000000000000000e+00
1.191015727142866742e+00 1.654254700367085551e+00 1.000000000000000000e+00
1.198833848306881000e+00 1.748892058951520445e+00 1.000000000000000000e+00
1.210514786574417467e+00 1.256767147917152716e+00 1.000000000000000000e+00
1.240725669188359248e+00 1.555884783604716048e+00 1.000000000000000000e+00
1.260664190408188556e+00 1.575006861522338264e+00 1.000000000000000000e+00
1.326706388632973743e+00 1.102980327734457644e+00 1.000000000000000000e+00
1.327646480651406113e+00 1.307563504433464141e+00 1.000000000000000000e+00
1.339502865820171529e+00 1.109158870568994315e+00 1.000000000000000000e+00
1.354127567264209020e+00 1.333625675915674602e+00 1.000000000000000000e+00
1.387782475664118609e+00 8.752571500973101992e-01 1.000000000000000000e+00
1.423136699068990652e+00 6.898164444796227590e-01 1.000000000000000000e+00
1.449932764577996469e+00 8.642559002499399234e-01 1.000000000000000000e+00
1.469210842202239631e+00 8.283796522429935916e-01 1.000000000000000000e+00
1.490050013163672027e+00 6.630659485489746041e-01 1.000000000000000000e+00
1.492080735232034883e+00 5.320044996703821027e-01 1.000000000000000000e+00
1.537844225978613144e+00 3.041092865969514669e-01 1.000000000000000000e+00
1.543951255915778420e+00 2.776172696890476521e-01 1.000000000000000000e+00
1.570951188883622729e+00 1.530371240795914967e-01 1.000000000000000000e+00
1.580761138991333192e+00 2.504034625986739093e-01 1.000000000000000000e+00
1.618946862101408923e+00 1.416976709495127440e-01 1.000000000000000000e+00
1.694953754482960706e+00 -2.511042178084543774e-01 1.000000000000000000e+00
1.722975952861029114e+00 -9.985459406487497136e-02 1.000000000000000000e+00
1.865837094631564774e+00 -5.666088683728454090e-01 1.000000000000000000e+00
1.871007611290377293e+00 -5.062538194890422449e-01 1.000000000000000000e+00
1.873706911408499654e+00 -7.898322536949147210e-01 1.000000000000000000e+00
1.912297868021965552e+00 -8.086363969415033548e-01 1.000000000000000000e+00
1.998704294946334281e+00 -6.614460363553019695e-01 1.000000000000000000e+00
