5.486526822131198244e+00
4.690326469616772798e+00
3.849612132402466358e+00
9.844117487978168413e+01
2.959595673970871488e+01
3.201180828265004497e+00
4.056457654658148115e+00
4.156604037234130189e+00
-1.725738059893869192e+00
-1.338075784800289725e+01
6.650163197699781037e+00
3.081702017453277875e+00
1.335674283794606687e+01
4.387518182053043780e+00
2.046539614492152825e+00
3.012434500581361085e+00
3.182303786929717049e+00
6.197551989093048164e+00
3.548497014137546923e+00
3.709137136001896096e+00
2.445494613402008799e+00
1.361913568743929659e+00
3.593395964164526113e+00
3.879443112745405653e+00
5.119266049301824495e+00
6.688117581255738742e+00
4.385705049128780786e+00
-3.029574763685235439e+02
3.010593861416156702e+00
3.976549391479535789e+00
2.249137134988178133e+00
4.245145150333720530e+00
3.919541756148837042e+00
4.935278673139392502e+00
4.282422479844204766e+00
6.960950393816697890e+00
3.518985662717826646e+00
4.950221676467667642e+00
5.278233716210839255e+00
4.277962517612315274e+00
1.620950486530689627e+00
3.864805646327708732e+00
3.199903356921503850e+00
4.022806411917474456e+00
3.674675477955884340e+00
2.784076016659839503e+00
4.317095277234538564e+00
2.674564874367524325e+00
1.147023240699910573e+00
5.484128831969587559e+00
3.249857980323318429e+01
3.476928469451152637e+00
3.568987119305929934e+00
5.832754389247329030e+00
4.064015851059226136e+00
4.341503858199851074e+00
4.868787271888634471e+00
4.503879392361324285e+00
-2.118362610003261537e-01
8.132509130802100472e+00
3.588076610878913275e+00
1.057890542555736246e+01
-2.943828600651550609e+00
2.379575681373927054e+00
1.307922960242208443e+00
4.636162220178586146e+00
4.106215859633240761e+00
4.946008206333401880e+00
4.668074389487418152e+00
2.200021267431679028e+00
2.272242333806349546e+00
4.920410554999171460e+00
-1.427204039574913352e+01
4.693622333875151043e+00
3.864978400793738889e+00
4.172460118248205063e+00
4.143910614713501417e+00
2.781520407759409341e+00
5.031592000422659083e+00
3.968462465558165508e+00
-5.207893713261359636e+00
3.616138739152415571e+00
5.928756554135637735e+00
3.825471966705079385e+00
3.948072603787533552e+00
4.028365575505963747e+00
8.253837276604359730e+00
5.166449781911842898e+00
5.330560973234568678e+00
3.475013579163554578e+00
5.092958098135918377e+00
3.146002770655810021e+00
9.691502135873600210e+00
6.746570655466982203e+01
-1.468149733800731660e+00
5.288897600336756710e+00
3.883375446667272968e+00
4.397145280586228111e+00
2.971762805037075239e+00
2.024620574102855564e+00
