-1.053299382562284450e+02
-1.078312754344733690e+02
-1.104724574200334501e+02
1.866957011987110491e+02
-2.958793034492894947e+01
-1.125095644414693510e+02
-1.098226330468870486e+02
-1.095080139071027503e+02
-1.279879366253420585e+02
-1.646032611691090324e+02
-1.016742667672923375e+02
-1.128849181957751142e+02
-8.060492543877973048e+01
-1.087825757261296786e+02
-1.161369767961901402e+02
-1.131025285179123330e+02
-1.125688684158497921e+02
-1.030961868151836427e+02
-1.114184384634593385e+02
-1.109137726367385284e+02
-1.148836227025020094e+02
-1.182877929519689815e+02
-1.112773842519006848e+02
-1.103787406313386867e+02
-1.064837220021009188e+02
-1.015550295547414095e+02
-1.087882718512045273e+02
-1.074335352723815959e+03
-1.131083110563916421e+02
-1.100736722594501060e+02
-1.155004979141643133e+02
-1.092298537966484133e+02
-1.102527670278035430e+02
-1.070617353914060743e+02
-1.091127436121128369e+02
-1.006978999951416540e+02
-1.115111511082770335e+02
-1.070147905619273985e+02
-1.059843103475812427e+02
-1.091267549966958228e+02
-1.174740044740415499e+02
-1.104247255883036871e+02
-1.125135777360572575e+02
-1.099283515438653183e+02
-1.110220371284864029e+02
-1.138199378533850847e+02
-1.090038158065519553e+02
-1.141639772534968529e+02
-1.189628908278795762e+02
-1.053374717645035474e+02
-2.046907105242016200e+01
-1.116432776776742344e+02
-1.113540668995910607e+02
-1.042422322749061436e+02
-1.097988882725990294e+02
-1.089271339879067853e+02
-1.072706242891023436e+02
-1.084170162026623672e+02
-1.232318738556817266e+02
-9.701733967377937518e+01
-1.112940954931046207e+02
-8.933175904640695819e+01
-1.318146809195935987e+02
-1.150907131350939210e+02
-1.184574094510008422e+02
-1.080014374425955879e+02
-1.096663130356814833e+02
-1.070280275687473335e+02
-1.079011824059348470e+02
-1.156547999628544972e+02
-1.154279107912974212e+02
-1.071084449621281038e+02
-1.674033078733814079e+02
-1.078209211715320208e+02
-1.104241828641423382e+02
-1.094582005594742071e+02
-1.095478914700424724e+02
-1.138279665355321271e+02
-1.067591581499701761e+02
-1.100990780865148082e+02
-1.389274512446175436e+02
-1.112059357170764855e+02
-1.039406325789643120e+02
-1.105482959872447992e+02
-1.101631347264611378e+02
-1.099108869163756168e+02
-9.663617606225332679e+01
-1.063354899343643325e+02
-1.058199194213329974e+02
-1.116492934829341692e+02
-1.065663708682147330e+02
-1.126829114218937491e+02
-9.211961870204888214e+01
8.938339746703627497e+01
-1.271786990324373647e+02
-1.059508087675525303e+02
-1.103663868399782899e+02
-1.087523313041024409e+02
-1.132303024178433049e+02
-1.162058374924508968e+02
