-1.073688475248277854e+02
-1.087781221487783085e+02
-1.102661865256476403e+02
5.716087953721358872e+01
-6.469515657071556802e+01
-1.114139099339709418e+02
-1.099000699512550767e+02
-1.097228108540955844e+02
-1.201345563660121485e+02
-1.407639413909651296e+02
-1.053092111400713833e+02
-1.116253874291077040e+02
-9.343856517683545349e+01
-1.093140928177661095e+02
-1.134576248823488953e+02
-1.117479909339709963e+02
-1.114473222971344057e+02
-1.061103329793053121e+02
-1.107991602849765371e+02
-1.105148272692766511e+02
-1.127514745342784437e+02
-1.146694129833232410e+02
-1.107196891434287949e+02
-1.102133856904406315e+02
-1.080188990927357651e+02
-1.052420318811773399e+02
-1.093173020630420638e+02
-6.533147331722866511e+02
-1.117512488652934053e+02
-1.100415075770812194e+02
-1.130990272710709235e+02
-1.095660930839093083e+02
-1.101424110916165517e+02
-1.083445567485432690e+02
-1.095001122106757521e+02
-1.047591178029444450e+02
-1.108513953769894442e+02
-1.083181076326522287e+02
-1.077375263223068202e+02
-1.095080063438261959e+02
-1.142109176388406837e+02
-1.102392940059999518e+02
-1.114161710582489349e+02
-1.099596326509060731e+02
-1.105758244040180784e+02
-1.121521854505120785e+02
-1.094387413592948661e+02
-1.123460201723694780e+02
-1.150497688639611624e+02
-1.073730919674138278e+02
-5.955751374827725897e+01
-1.109258366090714674e+02
-1.107628927988285028e+02
-1.067560247310322268e+02
-1.098866919436251663e+02
-1.093955381709862706e+02
-1.084622465287571202e+02
-1.091081334755204608e+02
-1.174549501819705739e+02
-1.026854588384802867e+02
-1.107291043987443260e+02
-9.835533739676347409e+01
-1.222905766231532425e+02
-1.128681510439681546e+02
-1.147649763603712927e+02
-1.088739928702838995e+02
-1.098119979284491592e+02
-1.083255654747898831e+02
-1.088175083306072679e+02
-1.131859623566459305e+02
-1.130581310691627550e+02
-1.083708733176514727e+02
-1.423415115004759741e+02
-1.087722884690409870e+02
-1.102389882305950835e+02
-1.096947455907006770e+02
-1.097452782119570998e+02
-1.121567088782658459e+02
-1.081740821592518955e+02
-1.100558214359620450e+02
-1.262979718724726013e+02
-1.106794344317002299e+02
-1.065861008991799252e+02
-1.103089146189320076e+02
-1.100919114912960595e+02
-1.099497929313544375e+02
-1.024707080204102851e+02
-1.079353838860160408e+02
-1.076449070773748105e+02
-1.109292259648805015e+02
-1.080654641662994209e+02
-1.115115750959392216e+02
-9.992604121950373042e+01
2.334300601765576744e+00
-1.196786250288272981e+02
-1.077186512474039404e+02
-1.102064254593989290e+02
-1.092970528533623735e+02
-1.118199798350843821e+02
-1.134964215838379431e+02
